43
44
59
60
76
79
108
125
188
221
243
244
262
263
320
333
348
391
392
400
412
433
453
491
533
537
574
576
583
587
592
594
609
620
644
659
671
714
727
738
869
903
930
949
957
959
964
976
990
992
993
1034
1050
1053
1074
1076
1100
1101
1104
1119
1149
1246
1307
1357
1380
1383
1397
1424
1455
1472
1480
1497
1504
1508
1511
1513
1515
1550
1551
1573
1579
1582
1585
1589
1594
1599
1633
1673
1674
1675
1677
1694
1698
1699
1720
1723
1724
1727
1728
1734
1735
1744
1780
1784
1785
1786
1787
1791
1802
1867
1884
1885
1987
2062
2063
2185
2206
2214
2217
2240
2264
2309
2323
2340
2345
2348
2362
2365
2385
2389
2438
2445
2475
2477
2494
2498
2514
2561
2584
2666
2681
2714
2726
2742
2745
2772
2891
2894
2910
2927
2972
2973
3048
3059
3078
3113
3145
3227
3236
3249
3250
3263
3285
3287
3288
3289
3296
3300
3312
3326
3331
3332
3373
3377
3386
3413
3430
3467
3468
3473
3477
3488
3508
3527
3528
3531
3535
3551
3587
3591
3594
3608
3611
3612
3650
3661
3668
3670
3676
3701
3721
3754
3767
3775
3782
3796
3801
3819
3944
3951
4010
4055
4095
4108
4140
4175
4187
4193
4232
4236
4263
4298
4319
4378
4390
4449
4545
4565
4617
4626
4650
4652
4680
4714
4724
4761
4816
4838
4840
4845
4852
4887
4910
4983
4986
5006
5009
5010
5022
5031
5033
5039
5046
5111
5173
5203
5210
5233
5238
5284
5329
5341
5361
5432
5471
5961
6026
6037
6058
6066
6090
6107
6112
6118
6120
6138
6150
6153
6155
6156
6161
6166
6178
6187
6188
6215
6228
6240
6243
6294
6298
6316
6338
6341
6342
6343
6345
6348
6383
6401
6416
6470
6510
6524
6547
6563
6569
6583
6629
6631
6636
6647
6664
6720
6735
6767
6768
6769
6770
6775
6819
6844
6846
6847
6865
6872
6874
6877
6880
6890
6893
6901
6904
6913
6917
6925
6944
6973
6990
6993
7029
7056
7090
7106
7127
7132
7136
7139
7155
7158
7166
7174
7370
7471
7508
7532
7533
7553
7613
7618
7658
7659
7660
7664
7669
7670
7680
7728
7732
7764
7775
7776
7782
7795
7797
7838
7877
7881
7886
7910
7939
7940
7963
7967
7968
7978
7979
7997
8052
8060
8062
8065
8068
8071
8109
8487
8503
8548
8554
8583
8587
8590
8591
8599
8601
8607
8614
8619
8620
8622
8738
8742
8784
8800
8824
8896
8905
8910
8940
8941
8947
8949
8979
8986
8988
8992
8998
9001
9009
9017
9052
9056
9077
9083
9091
9106
9165
9176
9187
9200
9212
9236
9237
9251
9275
9285
9288
9296
9314
9317
9322
9330
9340
9341
9347
9390
9391
9446
9449
9475
9476
9508
9527
9561
9577
9583
9588
9603
9607
9611
9623
9630
9659
9675
9690
9713
9719
9786
9801
9812
9817
9824
9829
9839
9846
9861
9882
9884
9886
9890
9904
9905
9928
9951
9955
9962
10011
10251
10260
10289
10290
10298
10325
10353
10372
10377
10430
10436
10446
10477
10479
10480
10494
10495
10500
10513
10588
10609
10610
10620
10625
10645
10661
10697
10732
10768
10780
10789
10802
10820
10827
10840
10845
10857
10904
11005
11027
11071
11075
11119
11120
11132
11138
11140
11141
11149
11150
11151
11160
11174
11179
11181
11186
11187
11205
11233
11241
11252
11254
11255
11265
11272
11280
11283
11300
11306
11307
11316
11354
11362
11363
11364
11368
11369
11390
11393
11406
11455
11459
11471
11478
11535
11537
11539
11540
11547
11571
11610
11621
11630
11641
11700
11728
11766
11771
11773
11779
11821
11830
11842
11881
11891
11896
11898
11946
11947
11949
11979
11986
11999
12000
12003
12022
12270
12275
12304
12362
12379
12380
12403
12441
12453
12457
12470
12477
12483
12502
12509
12515
12525
12556
12572
12576
12591
12630
12631
12643
12649
12657
12665
12666
12679
12681
12687
12690
12691
12692
12724
12726
12731
12732
12736
12739
12761
12768
12791
12814
12816
12831
12833
12858
12886
12932
12950
13068
13108
13433
13518
13557
13575
13583
13584
13752
13771
13871
13917
13974
14002
14006
14063
14085
14211
14235
14245
14289
14348
14374
14375
14458
14672
14942
14973
15461
15608
15630
15710
15713
15748
15759
15767
15832
15996
16049
16059
16098
16219
16262
16297
16309
16390
16432
16453
16466
16627
16638
16673
16692
16696
16792
16804
16909
16939
16950
16987
17007
17028
17040
17046
17129
17169
17192
17287
17311
17341
17347
17349
17350
17380
17441
17479
17493
17500
17575
17579
17641
17642
17643
17675
17700
17729
17755
17824
17825
17839
17840
17842
17854
17869
17877
17896
17904
17905
17947
18016
18039
18116
18267
18278
18304
18311
18359
18368
18418
18448
18451
18584
18683
18700
18704
18745
18752
18809
18874
19245
19297
19423
19721
19880
19943
19949
19985
19989
19990
20001
20043
20092
20247
20312
20441
20443
20455
20662
20664
20672
20746
20767
20790
20797
20962
21059
21071
21077
21100
21101
21150
21186
21367
21423
21498
21528
21581
21604
21679
21689
21705
21708
21894
22408
23095
23151
23156
23230
23481
23927
24011
24054
24463
24531
24576
24587
24592
24618
24644
24686
24694
24824
24945
24948
24965
24994
25180
25438
25594
25616
25625
25847
25851
25990
26114
26259
26458
26467
26505
26511
26755
26881
26937
26938
26976
26979
27849
27905
27962
28050
28122
28226
28349
28412
28539
28611
28724
28961
28980
29028
29034
29091
29152
29204
29318
29478
29607
29865
29990
29992
30096
30229
30260
30361
30406
30423
30652
30660
30661
30782
30943
30972
31022
32565
44164